100
4 2
5 2
6 2
1000 1000
1000 1
1000000 524288
500000 2
500000 500000
666082 654968
999999 262143
5 1
1000000 372294
883263 716603
999999 999998
612179 586349
1000000 509830
830650 744340
337498 308834
999999 524288
999999 499999
1000000 500000
999999 475712
4 1
908330 826665
2 1
453374 362920
789047 658625
500000 128
1000000 128
1000000 499998
999999 499997
500000 262144
999999 999999
866146 654747
500000 237856
1000000 1000000
747794 682509
469179 440081
1000000 524287
999999 1
714053 635328
1000000 2
859888 828090
562092 462073
1 1
1000000 127
669656 519145
500000 127
999999 2
500000 249999
470007 408780
999999 128
878643 862653
500000 1
259856 207491
411051 385061
999999 475711
852304 766702
500000 255300
823086 764223
1000000 475712
641857 482557
285676 222155
500000 131072
999999 262144
3 1
999999 505102
3 2
750163 630515
999999 127
2 2
692873 605473
500000 262143
659798 652058
500000 131071
1000000 262143
999999 524287
500000 249998
500000 499999
1000000 1
826534 632162
999999 499998
574320 535221
999999 441673
480701 435172
1000000 499999
1000000 475713
594404 492528
769217 654436
500000 216105
797285 727070
250608 213610
1000000 262144
500000 250000
500000 237857
379061 326612
525346 400152
785400 596297
1000000 999999
529449 493503
