100
4 2
5 2
6 2
1000 1000
1000 1
999999 2
999999 475711
980904 897115
892213 733049
1000000 475713
1000000 524287
526875 460673
2 2
1000000 339067
500000 1
756932 741437
1000000 999999
1000000 499999
851931 724805
1000000 262144
500000 247475
4 1
450871 448763
513518 413238
857011 797013
404104 334452
999999 127
3 2
500000 131071
500000 500000
546932 484236
1000000 500000
999999 489376
1000000 262143
732129 670117
999999 128
2 1
646280 612616
464047 408933
886140 808053
1000000 2
535976 454414
763466 679287
360189 303290
999999 999999
500000 207854
644397 625403
500000 262144
999999 499997
822190 735845
500000 2
999999 262144
729275 603181
999999 475712
999999 262143
500000 249998
500000 237856
331688 288300
640447 568132
265093 217496
1000000 127
708423 707229
500000 237857
999999 999998
1000000 499998
420033 390678
500000 250000
999999 1
759694 653572
1000000 475712
500000 499999
999999 433004
500000 128
1000000 128
999999 524287
479731 379001
770740 682649
500000 127
3 1
451138 444219
500000 262143
842889 714891
1000000 1
542280 451346
1000000 515999
5 1
999999 524288
533393 434922
354293 332847
999999 499998
760372 716191
500000 249999
999999 499999
464305 417899
1000000 1000000
460296 385655
1000000 524288
500000 131072
1 1
282999 250446
